2436071
5517084
5521633
5526182
5530731
5535280
5539829
5544378
5548927
5553476
5558025
5562574
5567123
5571672
5576221
5580770
5585319
5589868
5594417
5598966
5603515
5608064
5612613
5617162
5621711
5626260
5630809
5635358
5644456
5649005
5653554
6929848
6933756
6937664
6941572
8593709
8603293
10183019
10188087
10894682
10896629
10898576
10900523
10902470
10904417
10906364
10908311
10910258
10912205
10914152
10916099
18201277
20717108
20721711
20726314
20730917
20735520
20905613
20914836
20924059
20994793
21004016
21013239
21755319
21759922
21764525
21769128
21773731
21778334
21782937
22686718
22703557
22708160
22712763
22717366
25840755
25852991
25865227
25877463
25889699
25901935
25906538
25911141
25915562
25954876
25960256
25965636
25971016
25976396
25981776
25987156
25992536
26074504
26630891
26818179
26820089
26821999
26823909
26825819
26827729
26854482
26857191
26858997
26860803
26861706
26862609
26876186
26877438
26878690
26915771
26921786
26923791
26925796
26927801
26967922
29071711
29691986
41045789
41103079
41160369
41217659
41274949
41332239
41389529
41446819
41504109
41561399
45410411
45418976
45427541
45436106
45747191
45755666
45764141
45824929
45853574
45882219
49148493
49159074
49169655
49180236
49190817
49201398
53459595
54671988
54681163
54690338
54699513
54708688
54717863
54727038
54736213
54745388
54754563
54763738
54772913
57700911
57729556
57758201
57786846
60940037
60946410
65099347
65869123
67231328
67241665
68309784
68819022
68827923
69174996
69185311
69195816
69822628
69910158
70243359
70252380
70262853
70273040
70287076
70388599
70397382
70406165
70414948
70423731
70432514
70597245
70606072
70614899
70623726
70632553
70641380
70650207
70659034
70667861
70676688
70676929
70677170
70677411
70677652
70677893
70678134
70678375
70678616
70678857
70679098
70679339
70679580
70679821
70680062
70680303
70680544
70680785
70681026
70681267
70681508
70681749
70681990
70682231
70682472
71051406
71062395
71073384
71084373
71095362
71106351
71117340
71377806
71477518
71489201
71500884
71512567
71524250
71535933
71547616
71559299
71570982
71582665
71594348
71606031
71617714
73504900
73509642
73512013
73516755
73521497
73526239
73530981
73535723
73540465
73547578
73549949
73557062
73561804
73564175
73571288
73573659
73580772
73583143
73590256
73592627
73599740
73604482
73606853
73611595
73616337
73623450
73628192
73630563
73640047
75486108
75486109
75486110
75486111
75486112
75486113
75486114
75486115
75486116
75486117
75486118
75486119
75486120
75486121
75486122
75486123
75486124
75486125
75486126
75486127
75486128
75486129
75486130
75486131
75486133
75486134
75486135
75486136
75486137
75486138
75486139
75486140
75486141
75486142
75486143
75486144
75486145
75486146
75486147
80505166
80507412
80509339
80511266
80513193
80515120
80517047
80518974
85621336
85638231
