5530731
5539829
5544378
5553476
5562574
5567123
5576221
5594417
5598966
5608064
5612613
5621711
5630809
5635358
5649005
20924059
20994793
20726314
20735520
21764525
21778334
22712763
2436071
5517084
5521633
5526182
5535280
5548927
5558025
5571672
5580770
5585319
5589868
5603515
5617162
5626260
5644456
5653554
20717108
20721711
20730917
21755319
21759922
21769128
21773731
21782937
20905613
20914836
21004016
21013239
22686718
22703557
22708160
22717366
75486113
75486115
75486119
75486125
75486127
75486129
75486131
75486133
75486135
75486137
75486138
75486140
75486142
75486144
75486146
75486134
75486136
75486139
75486141
75486143
75486145
75486147
75486108
75486110
75486112
75486116
75486122
75486124
75486126
75486128
75486130
75486109
75486118
75486111
75486120
75486121
75486123
75486114
75486117
80505166
80507412
80518974
80511266
80515120
85638231
85621336
80509339
80517047
80513193
