85960135
85965709
85971283
85974070
85829146
85831933
85834720
85837507
85840294
85843081
85845868
85848655
85851442
85854229
85857016
85859803
85865377
85870951
85876525
85879312
85884886
85898821
85907182
85912756
85915543
85918330
85921117
85926691
85932265
85937839
85940626
85943413
85862590
85868164
85873738
85882099
85887673
85890460
85893247
85896034
85901608
85904395
85909969
85923904
85929478
85935052
85946200
85948987
85951774
85954561
85957348
85962922
85968496
85976857
85979644
85986018
85988805
85991592
85994379
85997166
85999953
86002740
86005527
86008314
86011101
86013888
86016675
86019462
86022249
86025036
86027823
86030610
86033397
86036184
86038973
86041760
86044547
86047334
86050121
86052908
86055695
86058482
