79420668
79424060
81136044
84632832
84648636
81893479
81910111
81161492
81167854
81186940
81193302
81199664
81206026
81225112
81231474
81250560
81256922
83640513
83662689
83679321
85033461
85035465
81655269
81659277
81663285
81675309
81683325
81691341
81701361
81713385
81721401
81729417
81737433
81741441
84636783
81571101
81575109
81583125
81591141
81599157
81607173
81615189
81625209
81637233
81645249
81653265
81002442
81015166
81027890
81040614
81046976
81428696
81460506
81473230
81276008
81282370
81288732
81301456
81307818
81326904
81339628
81345990
81352352
81358714
81377800
84652587
81661281
84783987
84806163
84828339
81180578
81218750
81244198
81263284
81295094
81320542
81365076
81390524
81422334
81447782
81757473
81899023
81904567
81066062
81104234
81129682
81667293
81671301
81677313
81679317
81685329
81687333
81689337
81695349
81697353
81705369
81707373
81557001
81561033
81409610
81435058
81454144
82127001
82132545
82160265
82165809
82182441
82187985
81559017
81563049
81142406
81155130
81709377
81665289
81669297
81673305
81681321
81693345
81699357
81703365
81715389
81723405
81731421
81739437
81751461
81565065
84839427
84850515
84861603
84872691
84883779
83562897
83573985
81711381
81717393
81719397
81725409
81727413
81733425
81735429
81743445
81745449
81747453
81755469
84628881
84772899
84795075
84817251
81569097
81577113
81579117
81585129
81587133
81589137
83884449
83889993
81384162
81403248
81749457
81753465
81761481
81008804
81021528
81034252
81415972
81441420
81595149
81597153
81603165
81605169
81611181
83540721
83557353
83579529
81759477
83535177
83546265
83568441
83585073
83651601
81613185
81619197
81621201
81627213
84644685
81629217
81633225
81635229
81641241
81643245
81647253
81649257
79418972
79422364
80555929
80645414
81573105
81581121
81593145
81601161
81609177
81617193
81623205
81631221
81639237
81651261
83740305
83673777
83690409
80606606
80617694
84137709
84166437
80219246
80225954
84089829
81053338
81059700
81078786
81085148
81091510
81110596
81116958
81123320
81657273
84778443
84811707
84833883
84867147
84889323
84142497
80612150
83895537
85041009
80639870
81072424
81097872
80199611
80208026
80213636
84640734
84656538
81567081
82121457
82143633
82154721
82176897
81148768
81174216
84856059
80222600
81212388
81237836
81269646
81314180
81333266
81371438
81396886
82498449
82503993
82492905
81466868
80557967
82226793
82232337
82237881
83646057
84094617
84161649
83657145
82115913
82138089
82149177
82171353
82193529
80202416
80553891
83551809
83668233
83684865
80205221
80210831
84767355
84789531
84800619
84822795
84844971
84878235
